YaxisSpeed_mmpers = [3.125
2.77778
3.37302
3.09829
2.99145
3.24074
2.43056
2.60417
3.61111
3.47222
3.1746
2.88462
3.53535
2.95139
3.125
2.99145
3.24074
3.29861
2.91667
3.37302
2.31481
3.7037
3.1746
4.86111
2.43056
3.09829
3.15657
2.95139
3.35648
2.77778
3.125
3.33333
2.95139
3.00926
3.54938
2.60417
4.16667
2.95139
3.35648
3.0303
3.125
2.90404
3.1746
3.20513
3.88889
2.77778
3.125
3.4188
2.77778
3.37302
3.00926
3.27381
3.0303
3.37302
2.90404
3.125
3.125
2.99145
3.7037
2.90404
3.37302
2.95139
3.09829
3.47222
3.08642
2.97619
2.77778
3.1746
3.09829
3.35648
2.97619
3.08642
2.31481
3.57143
2.97619
2.99145
3.125
3.20513
3.0303
3.125
3.61111
2.43056
3.33333
2.95139
3.09829
3.47222
3.1746
2.77778
3.1746
2.5463
3.47222
3.0303
2.95139
3.33333
3.29861
3.125
3.0303
2.95139
3.24074
3.29861
3.37302
3.24074
3.00926
2.08333
2.77778
3.24074
2.77778
3.47222
3.24074
2.99145
3.09829
3.20513
3.09829
3.09829
3.09829
2.99145
3.20513
3.09829
3.09829
3.24074
3.09829
5.55556
2.38095
2.77778
3.09829
3.09829
3.31197
3.09829
3.09829
3.09829
3.09829
3.09829
3.19444
3.47222
3.0303
3.125
3.09829
3.09829
3.09829
3.09829
3.0303
2.77778
3.33333
2.9321
3.57143
2.97619
2.99145
3.35648
2.77778
3.08642
3.47222
2.97619
3.0303
2.95139
3.47222
3.15657
2.77778
3.66162
2.43056
3.29861
3.35648
2.77778
3.57143
3.125
3.09829
3.20513
3.09829
3.09829
3.7037
2.90404
3.1746
3.125
3.15657
3.08642
3.20513
3.125
3.125
2.43056
3.19444
3.37302
3.24074
2.31481
4.16667
3.47222
2.77778
3.125
2.31481
3.47222
3.08642
3.47222
3.1746
3.81944
2.57937
3.08642
3.00926
2.77778
3.81944
1.85185
4.16667
3.24074
2.22222
3.47222
3.47222
4.16667
3.24074
2.77778
5.55556
2.08333
2.77778
3.1746
3.28283
2.95139
3.09829
2.99145
3.09829
3.31197
2.90404
3.29861
3.15657
3.08642
3.09829
2.99145
3.09829
3.1746
3.20513
2.99145
3.7037
2.90404
3.24074
3.24074
3.19444
3.37302
2.77778
3.05556
2.77778
3.27381
2.99145
3.20513
2.99145
3.20513
3.20513
3.47222
2.97619
3.0303
3.54938
3.0754
3.47222
1.38889
4.86111
3.47222
2.77778
3.15657
2.77778
3.33333
3.125
3.24074
3.28283
2.43056
3.88889
2.95139
3.00926
3.76984
2.77778
3.0754
3.31197
3.00926
2.77778
2.95139
3.05556
3.125
3.24074
3.09829
3.1746
2.95139
3.09829
3.35648
2.08333
3.54938
2.77778
4.16667
2.77778
3.24074
2.08333
3.08642
3.27381
3.19444
2.77778
3.33333
3.125
3.47222
2.60417
3.37302
3.0303
3.08642
3.20513
3.09829
2.99145
3.09829
3.31197
2.99145
3.09829
3.20513
3.09829
3.09829
3.24074
3.15657
3.20513
3.09829
2.43056
3.19444
3.1746
2.31481
3.61111
2.97619
3.57143
3.00926
3.29861
2.95139
3.15657
3.24074
3.00926
2.95139
3.40909
3.0754
2.99145
4.86111
1.38889
4.86111
2.95139
3.76984
2.46914
6.25
2.38095
2.77778
3.40909
2.08333
3.47222
3.125
3.7037
2.77778
3.47222
3.125
3.0754
2.5463
3.57143
3.20513
3.37302
2.77778
3.33333
2.77778
2.31481
4.16667
3.29861
2.31481
3.1746
3.37302
3.20513
3.0303
2.77778
3.125
3.47222
3.47222
2.46914
3.0754
3.61111
3.54938
2.99145
2.90404
3.47222
2.77778
3.47222
2.90404
3.1746
2.99145
3.75
2.43056
3.125
2.95139
3.57143
3.09829
3.09829
3.15657
2.95139
3.15657
2.95139
3.20513
3.09829
3.09829
3.40909
2.91667
2.95139
3.20513
3.09829
3.09829
3.09829
3.24074
2.9321
3.29861
2.77778
3.1746
3.47222
2.62346
3.31197
3.09829
3.09829
3.125
3.15657
3.09829
3.09829
2.99145
3.09829
3.35648
3.20513
3.0303
3.29861
3.20513
3.09829
2.99145
3.09829
3.09829
3.24074
3.09829
3.0303
2.95139
3.52564
2.97619
2.46914
3.61111
2.95139
3.09829
3.47222
2.77778
2.77778
3.29861
2.90404
3.27381
3.0303
3.1746
2.99145
3.33333
3.125
2.99145
3.33333
3.125
2.99145
4.86111
3.125
2.97619
3.47222
3.125
3.0303
3.47222
2.77778
3.08642
3.76984
2.08333
3.29861
2.38095
2.77778
3.29861
3.47222
2.60417
3.20513
3.33333
3.125
2.99145
3.24074
4.16667
3.37302
3.125
2.77778
2.95139
3.57143
3.47222
2.9321
2.77778
3.08642
3.00926
2.77778
3.57143
2.99145
3.33333
2.95139
3.15657
3.57143
2.77778
3.37302
2.90404
3.29861
3.29861
2.87698
3.76984
2.08333
3.54938
2.77778
3.125
3.09829
3.09829
3.09829
3.09829
3.09829
2.99145
3.31197
3.09829
2.99145
3.09829
2.99145
3.1746
3.19444
3.05556
3.125
3.33333
3.08642
3.09829
3.0303
3.24074
3.19444
3.24074
3.09829
3.09829
3.20513
3.09829
2.99145
3.27381
3.09829
3.20513
3.0303
3.29861
3.15657
2.9321
3.33333
3.24074
3.0303
3.0754
3.09829
3.24074
2.90404
2.95139
3.35648
2.88462
3.7037
3.05556
3.24074
3.19444
2.77778
4.86111
2.91667
3.37302
3.24074
2.31481
3.47222
2.08333
2.77778
3.24074
2.77778
3.57143
2.77778
3.00926
3.4188
3.0303
3.125
2.99145
3.24074
3.37302
2.95139
3.33333
3.125
2.99145
4.16667
0.925926
3.39506
4.16667
2.99145
3.96825
2.77778
3.00926
2.77778
4.16667
2.9321
3.47222
3.47222
3.47222
2.91667
3.47222
3.37302
2.77778
3.24074
2.31481
3.37302
3.57143
2.77778
2.95139
3.125
4.86111
2.77778
3.57143
2.88462
3.35648
2.77778
3.96825
2.77778
2.95139
3.33333
3.08642
2.77778
3.47222
2.90404
3.125
3.125
3.15657
2.95139
3.47222
2.77778
2.9321
4.16667
2.97619
3.96825
2.90404
2.43056
3.37302
2.9321
3.09829
3.31197
2.99145
3.0754
3.47222
3.81944
2.87698
3.33333
2.77778
3.37302
3.24074
2.31481
4.16667
3.47222
2.77778
3.08642
3.24074
2.08333
3.08642
4.16667
3.1746
2.97619
2.89352
3.125
3.125
3.20513
3.09829
3.09829
3.24074
3.0303
3.24074
2.95139
3.33333
3.125
2.95139
3.125
3.20513
3.20513
2.99145
3.20513
3.09829
3.09829
3.47222
2.77778
3.7037
3.0754
3.09829
2.99145
3.20513
3.20513
3.09829
3.09829
3.20513
3.09829
3.09829
3.09829
3.20513
3.09829
3.1746
3.15657
3.125
3.09829
3.7037
2.57937
3.125
3.57143
2.77778
3.61111
2.62346
3.93519
2.9321
2.77778
1.38889
3.76984
3.0303
3.125
3.09829
3.09829
3.20513
3.24074
2.90404
3.1746
3.05556
3.09829
3.20513
3.09829
3.05556
3.08642
3.31197
2.99145
3.09829
3.20513
3.20513
3.125
2.77778
4.16667
3.1746
3.20513
2.99145
3.09829
3.31197
3.09829
3.09829
3.00926
3.31197
3.09829
3.09829
2.99145
3.20513
3.09829
3.09829
3.09829
3.20513
3.09829
3.09829
3.20513
3.09829
3.20513
2.99145
3.20513
3.20513
2.99145
3.09829
3.20513
3.09829
2.99145
3.09829
3.61111
3.125
3.09829
2.99145
3.0303
3.20513
2.99145
3.09829
3.20513
3.20513
2.99145
3.20513
3.09829
3.20513
2.99145
3.31197
2.99145
3.09829
2.99145
3.09829
3.20513
3.20513
3.09829
2.77778
3.81944
1.38889
3.1746
3.31197
2.91667
3.24074
2.95139
3.125
3.39506
2.95139
2.9321
3.61111
3.7037
2.90404
3.125
2.95139
3.09829
3.47222
3.24074
3.09829
2.90404
3.08642
3.31197
3.33333
3.24074
3.09829
3.09829
3.09829
2.99145
3.20513
3.20513
3.09829
2.99145
2.77778
3.19444
4.86111
2.08333
3.19444
3.24074
4.16667
2.9321
3.20513
3.09829
3.09829
3.125
3.09829
3.4188
2.08333
3.27381
3.47222
2.38095
3.54938
2.77778
3.125
2.99145
3.20513
3.09829
3.20513
2.99145
2.99145
3.1746
3.15657
3.47222
3.09829
3.09829
3.31197
2.99145
2.99145
3.20513
3.20513
3.20513
2.88462
3.20513
3.09829
3.09829
3.09829
3.20513
3.35648
3.09829
2.90404
3.125
3.20513
3.20513
2.99145
3.20513
3.09829
2.99145
3.20513
3.09829
3.09829
3.20513
3.09829
3.20513
3.125
3.29861
2.43056
3.19444
2.97619
3.24074
3.1746
2.99145
3.20513
3.09829
2.99145
3.09829
3.31197
2.99145
3.09829
3.09829
3.24074
3.20513
3.09829
3.4188
3.1746
2.77778
2.77778
3.24074
3.24074
2.38095
3.64583
2.77778
2.95139
3.0303
3.08642
3.47222
3.08642
3.0303
3.08642
3.0303
3.29861
3.09829
3.0303
3.24074
3.0303
3.08642
3.47222
